version https://git-lfs.github.com/spec/v1
oid sha256:9858e9e1708fbaff6d0669ef0b3897561497bdda26b8a421fb0913b4d770b9f1
size 520
