version https://git-lfs.github.com/spec/v1
oid sha256:de7c0fb4d7caabdb893ed77352a561bc8ad1dd9764fafb75c242b27e236afac9
size 505
