version https://git-lfs.github.com/spec/v1
oid sha256:4548b56713f19b6e76a89aef64d026ec1eeac0d4d99607529e650c86866ed2ec
size 503
