version https://git-lfs.github.com/spec/v1
oid sha256:a260fbad6b8b2c08b0f6fb9b52f7f650d78d6d2d4819808a88f7a67a2ea46c98
size 317
